ks: 0.00143572816875, p: 0.770054306708
Z: 0.266676172758, p: 0.789718501116

ks: 0.00143572816875, p: 0.770054306708
Z: 0.266676172758, p: 0.789718501116

ks: 0.00143572816875, p: 0.770054306708
Z: 0.266676172758, p: 0.789718501116

