ks: 0.00503320438807, p: 0.436884823984
Z: 0.913710078432, p: 0.360869206831

ks: 0.00117657959045, p: 0.802796939457
Z: 1.6964578712, p: 0.0897992020477

