ks: 0.00621824070334, p: 0.381705757288
Z: 0.660353642336, p: 0.50902691378

ks: 0.00143572816875, p: 0.770054306708
Z: 0.266676172758, p: 0.789718501116

