ks: 0.0031299232975, p: 0.775931985386
Z: 0.0998623739434, p: 0.920453588225

ks: 0.000711838298538, p: 0.977638181425
Z: 0.552675564519, p: 0.580485588538

