ks: 0.00192602256241, p: 0.217189594961
Z: 0.987030399323, p: 0.323627736091

