N: 1000000
ks: 0.00151808951877, p: 0.707165328591
Z: 0.114444479498, p: 0.908885456055

