ks: 0.00137706996868, p: 0.367430576044
Z: 0.928911557082, p: 0.3529349231

