ks: 0.00111508053361, p: 0.851513265425
Z: 1.50179940583, p: 0.133148921831

