ks: 0.00170907885272, p: 0.560675336901
Z: 1.02639097557, p: 0.304707330087

