ks: 0.0011489074239, p: 0.600013622226
Z: 1.40526629866, p: 0.159942105891

